{
 "cells": [
  {
   "cell_type": "code",
   "execution_count": 1,
   "metadata": {},
   "outputs": [],
   "source": [
    "import numpy as np\n",
    "import csv\n",
    "import sys\n",
    "sys.path.append(\"..\")\n",
    "from sklearn.svm import SVC\n",
    "from sklearn.metrics import accuracy_score\n",
    "\n",
    "from Code.VQLSSVM import VQLSSVM\n",
    "from Code.Utils import prepareDataset\n",
    "\n",
    "np.set_printoptions(precision=10, suppress=True)"
   ]
  },
  {
   "cell_type": "code",
   "execution_count": 2,
   "metadata": {},
   "outputs": [],
   "source": [
    "qubits = 4\n",
    "shots: int = 10000\n",
    "gamma: float = 0.01 # regularization parameter\n",
    "subsetSize: int = 2**qubits - 1 # number of training points\n",
    "# classToFilterOut: int = 2\n",
    "iterations = 10\n",
    "trainIterations = 200\n",
    "datasets = [\"iris\"]\n",
    "# datasets = [\"breastCancer\"]\n",
    "# datasets = [\"iris\",\"breastCancer\"]"
   ]
  },
  {
   "cell_type": "code",
   "execution_count": 3,
   "metadata": {},
   "outputs": [],
   "source": [
    "vqlssvmVectors: VQLSSVM = VQLSSVM(gamma, shots)"
   ]
  },
  {
   "cell_type": "code",
   "execution_count": 4,
   "metadata": {},
   "outputs": [],
   "source": [
    "def getListsAverage(data: list):\n",
    "    maximumLengthList = len(max(data, key=len))\n",
    "    sumList =[]\n",
    "    for i in range(maximumLengthList):\n",
    "        iterationSum = 0\n",
    "        for j in range(len(data)):\n",
    "            if i < len(data[j]):\n",
    "                iterationSum += data[j][i]\n",
    "            else:\n",
    "                iterationSum += data[j][-1]\n",
    "        sumList.append(iterationSum)\n",
    "\n",
    "    sumList = np.array(sumList)\n",
    "    return sumList/len(data)"
   ]
  },
  {
   "cell_type": "code",
   "execution_count": 6,
   "metadata": {},
   "outputs": [
    {
     "name": "stdout",
     "output_type": "stream",
     "text": [
      "0 th iteration\n",
      "Dataset: iris\n",
      "Condition number of the matrix:  1503.8968749651688\n",
      "LS-SVM Matrix:\n",
      " [[  0.             1.             1.             1.\n",
      "    1.             1.             1.             1.          ]\n",
      " [  1.           101.6010195116  -0.3177465146  -0.5029434479\n",
      "    1.7272062892   0.0703942655  -0.6553412972  -1.2444792897]\n",
      " [  1.            -0.3177465146 100.1882097613   0.2548455283\n",
      "   -0.4183637099  -0.0013889332   0.1126232883   0.2276232351]\n",
      " [  1.            -0.5029434479   0.2548455283 100.3523122435\n",
      "   -0.6320269027  -0.0133903714   0.1830672061   0.3767209827]\n",
      " [  1.             1.7272062892  -0.4183637099  -0.6320269027\n",
      "  102.18150316    -0.0766854725  -0.7932566472  -1.3255569919]\n",
      " [  1.             0.0703942655  -0.0013889332  -0.0133903714\n",
      "   -0.0766854725 100.0912867826   0.0203465639  -0.0798315193]\n",
      " [  1.            -0.6553412972   0.1126232883   0.1830672061\n",
      "   -0.7932566472   0.0203465639 100.3050947205   0.5114550417]\n",
      " [  1.            -1.2444792897   0.2276232351   0.3767209827\n",
      "   -1.3255569919  -0.0798315193   0.5114550417 101.0128794408]]\n",
      "['III', 'IIX', 'IIZ', 'IXI', 'IXX', 'IXZ', 'IYY', 'IZI', 'IZX', 'IZZ',\n",
      " 'XII', 'XIX', 'XIZ', 'XXI', 'XXX', 'XXZ', 'XYY', 'XZI', 'XZX', 'XZZ',\n",
      " 'YIY', 'YXY', 'YYI', 'YYX', 'YYZ', 'YZY', 'ZII', 'ZIX', 'ZIZ', 'ZXI',\n",
      " 'ZXX', 'ZXZ', 'ZYY', 'ZZI', 'ZZX', 'ZZZ']\n",
      "Pauli matrix coeffitients [(88.2165382025351+0j), (0.422403774369505+0j), (-12.547836292075857+0j), (-0.0940079035753171+0j), (-0.1557392356567042+0j), (0.19737957997737268+0j), (0.00703926030550342+0j), (-12.24808583899901+0j), (0.03925348940101647+0j), (-12.329864491454494+0j), (0.38993463413379864+0j), (0.7844741825997211+0j), (0.16637701002975586+0j), (-0.16905834273179615+0j), (-0.07218928326967194+0j), (-0.07218928326967194+0j), (0.4598764877944113+0j), (0.4598764877944113+0j), (-0.2561758319412968-0j), (-0.2561758319412968-0j), (0.14526249862569646+0j), (0.5791289619841041+0j), (0.5791289619841041+0j), (0.29842585721074905+0j), (0.29842585721074905+0j), (0.17066256503559002+0j), (-0.5714948166590416-0j), (-0.5714948166590416-0j), (-0.04681869788729637+0j), (-0.24451863466933368-0j), (-0.24451863466933368-0j), (-0.6623631570500885-0j), (-0.6623631570500885-0j), (0.19294057954823535+0j), (0.19294057954823535+0j), (-12.681152823440124+0j), (0.205018989771635+0j), (-12.893444206379604+0j), (0.34253617964895866+0j), (0.4968659783622559+0j), (0.4968659783622559+0j), (0.5540921439489858+0j), (0.5540921439489858+0j), (-0.6659125175999517-0j), (-0.6659125175999517-0j), (-12.486789784314142+0j), (0.33332374645784346+0j), (0.33332374645784346+0j), (-13.029364765871874+0j), (-13.029364765871874+0j)]\n",
      "parametersHadamard prepared\n",
      "parametersSpecialHadamard prepared\n",
      "labelVectorCircuit prepared\n",
      "fixedAnsatzCircuit prepared\n",
      "controlledFixedAnsatzCircuit prepared\n",
      "transpiledHadamardCircuits prepared\n",
      "transpiledSpecialHadamardCircuits prepared\n",
      "Time to prepare circuits: 11.897756814956665\n",
      "Time to minimize: 74.6634278297424320962e-065\n",
      "Output Vector: [array([1.7822550017, 1.5647195018, 1.5606650959]), array([ 1.5417640755, -0.2368309267,  1.5361705728]), array([-1.5744656733, -0.2644631345, -0.2610981212])]\n",
      "Output Vector after ansatz test: Statevector([ 0.0200930587+0.j,  0.3375407566+0.j, -0.0036382586+0.j,\n",
      "             -0.603816359 +0.j,  0.0098895391+0.j, -0.4874824295+0.j,\n",
      "              0.0014111291+0.j,  0.5322745166+0.j],\n",
      "            dims=(2, 2, 2))\n",
      "Estimated norm: (0.07598563795777027+0j)\n",
      "Estimated vector: [ 0.0200930587-0.j  0.3375407566-0.j -0.0036382586+0.j -0.603816359 +0.j\n",
      "  0.0098895391-0.j -0.4874824295+0.j -0.0014111291+0.j  0.5322745166-0.j]\n",
      "Weights: [ 0.0015267839+0.j  0.0256482497+0.j -0.0002764554+0.j -0.0458813712+0.j\n",
      "  0.0007514629+0.j -0.0370416634+0.j -0.0001072255+0.j  0.0404452187+0.j]\n",
      "\n",
      "\n",
      "\n",
      "\n",
      "1 th iteration\n",
      "Dataset: iris\n",
      "Condition number of the matrix:  1507.5276826905545\n",
      "LS-SVM Matrix:\n",
      " [[  0.             1.             1.             1.\n",
      "    1.             1.             1.             1.          ]\n",
      " [  1.           101.860964371   -0.3172267175  -1.1139113654\n",
      "   -1.1744002273   1.6944619557  -0.1537012211  -0.9034274687]\n",
      " [  1.            -0.3172267175 100.1043541926   0.1051042963\n",
      "    0.1842994244  -0.3000401651   0.0523290455   0.1226399662]\n",
      " [  1.            -1.1139113654   0.1051042963 100.9144103706\n",
      "    0.8937193442  -1.0557563812  -0.0716881058   0.4743109419]\n",
      " [  1.            -1.1744002273   0.1842994244   0.8937193442\n",
      "  101.0299751118  -1.1349133834  -0.1004677952   0.3773806484]\n",
      " [  1.             1.6944619557  -0.3000401651  -1.0557563812\n",
      "   -1.1349133834 101.6040491859  -0.0785445505  -0.7616399076]\n",
      " [  1.            -0.1537012211   0.0523290455  -0.0716881058\n",
      "   -0.1004677952  -0.0785445505 100.1630792911   0.1957478162]\n",
      " [  1.            -0.9034274687   0.1226399662   0.4743109419\n",
      "    0.3773806484  -0.7616399076   0.1957478162 100.6033567142]]\n",
      "['III', 'IIX', 'IIZ', 'IXI', 'IXX', 'IXZ', 'IYY', 'IZI', 'IZX', 'IZZ',\n",
      " 'XII', 'XIX', 'XIZ', 'XXI', 'XXX', 'XXZ', 'XYY', 'XZI', 'XZX', 'XZZ',\n",
      " 'YIY', 'YXY', 'YYI', 'YYX', 'YYZ', 'YZY', 'ZII', 'ZIX', 'ZIZ', 'ZXI',\n",
      " 'ZXX', 'ZXZ', 'ZYY', 'ZZI', 'ZZX', 'ZZZ']\n",
      "Pauli matrix coeffitients [(88.2850236546455+0j), (0.041484682278754834+0j), (-12.960671505766754+0j), (-0.2440047670599835+0j), (0.24540234509382503+0j), (0.6937708694642166+0j), (-0.44328797909994627-0j), (-12.161276487484084+0j), (-0.10894137398434538+0j), (-12.648088105491542+0j), (0.8052754857941344+0j), (-0.030862091743184362+0j), (-0.27911096304098776+0j), (-0.19372110637641382+0j), (0.35999448948613466+0j), (0.35999448948613466+0j), (0.7858708185706534+0j), (0.7858708185706534+0j), (-0.5868651825961747-0j), (-0.5868651825961747-0j), (0.5419554920715984+0j), (-0.05633802192501799+0j), (-0.05633802192501799+0j), (-0.0681200148247452+0j), (-0.0681200148247452+0j), (-0.5921820748259511-0j), (0.010014572050744637+0j), (0.010014572050744637+0j), (-0.24200737203017467-0j), (-0.06315489996843526-0j), (-0.06315489996843526-0j), (-0.16584291577558577+0j), (-0.16584291577558577+0j), (-0.4950180388422512-0j), (-0.4950180388422512-0j), (-12.565091421109654+0j), (0.5110674658906729+0j), (-12.707083631468537+0j), (0.18704908435918416+0j), (0.09598429614379306+0j), (0.09598429614379306+0j), (0.36318481323658264+0j), (0.36318481323658264+0j), (-0.21532537966243565-0j), (-0.21532537966243565-0j), (-12.628173560572206+0j), (0.5563892258149177+0j), (0.5563892258149177+0j), (-12.614638942752721+0j), (-12.614638942752721+0j)]\n",
      "parametersHadamard prepared\n",
      "parametersSpecialHadamard prepared\n",
      "labelVectorCircuit prepared\n",
      "fixedAnsatzCircuit prepared\n",
      "controlledFixedAnsatzCircuit prepared\n",
      "transpiledHadamardCircuits prepared\n",
      "transpiledSpecialHadamardCircuits prepared\n",
      "Time to prepare circuits: 11.592158079147339\n",
      "Time to minimize: 77.0653381347656203829e-055\n",
      "Output Vector: [array([1.7655339776, 1.2531704768, 1.5687344804]), array([ 1.6024967137, -0.2261713557,  1.555620669 ]), array([-1.5746266841, -0.5733448599, -0.2663531298])]\n",
      "Output Vector after ansatz test: Statevector([-0.0006796282+0.j,  0.3378647907+0.j,  0.0117150381+0.j,\n",
      "             -0.5943776728+0.j, -0.0032425585+0.j, -0.4915517113+0.j,\n",
      "              0.0088324712+0.j,  0.5391783097+0.j],\n",
      "            dims=(2, 2, 2))\n",
      "Estimated norm: (0.05345735844790575+0j)\n",
      "Estimated vector: [ 0.0006796282-0.j  0.3378647907-0.j  0.0117150381-0.j -0.5943776728+0.j\n",
      " -0.0032425585+0.j -0.4915517113+0.j  0.0088324712-0.j -0.5391783097+0.j]\n",
      "Weights: [ 0.0000363311+0.j  0.0180613592+0.j  0.000626255 +0.j -0.0317738603+0.j\n",
      " -0.0001733386+0.j -0.026277056 +0.j  0.0004721606+0.j -0.0288230482+0.j]\n",
      "\n",
      "\n",
      "\n",
      "\n",
      "2 th iteration\n",
      "Dataset: iris\n",
      "Condition number of the matrix:  1564.0402156880307\n",
      "LS-SVM Matrix:\n",
      " [[  0.             1.             1.             1.\n",
      "    1.             1.             1.             1.          ]\n",
      " [  1.           101.2826224194  -1.5713259103  -0.6132403949\n",
      "   -0.1184259525  -1.6339183433  -0.0982409801   0.3525611698]\n",
      " [  1.            -1.5713259103 102.024248256    0.7750613117\n",
      "    0.1022388735   1.9964631633   0.1122794908  -0.5350824227]\n",
      " [  1.            -0.6132403949   0.7750613117 100.9999381563\n",
      "    0.7184876632   1.4988575548   0.5427778576   0.4725001862]\n",
      " [  1.            -0.1184259525   0.1022388735   0.7184876632\n",
      "  100.6738983849   0.8435707864   0.4886965751   0.6495512677]\n",
      " [  1.            -1.6339183433   1.9964631633   1.4988575548\n",
      "    0.8435707864 102.8540199265   0.6037111515   0.215758119 ]\n",
      " [  1.            -0.0982409801   0.1122794908   0.5427778576\n",
      "    0.4886965751   0.6037111515 100.3913247311   0.4755910392]\n",
      " [  1.             0.3525611698  -0.5350824227   0.4725001862\n",
      "    0.6495512677   0.215758119    0.4755910392 100.8519963754]]\n",
      "['III', 'IIX', 'IIZ', 'IXI', 'IXX', 'IXZ', 'IYY', 'IZI', 'IZX', 'IZZ',\n",
      " 'XII', 'XIX', 'XIZ', 'XXI', 'XXX', 'XXZ', 'XYY', 'XZI', 'XZX', 'XZZ',\n",
      " 'YIY', 'YXY', 'YYI', 'YYX', 'YYZ', 'YZY', 'ZII', 'ZIX', 'ZIZ', 'ZXI',\n",
      " 'ZXX', 'ZXZ', 'ZYY', 'ZZI', 'ZZX', 'ZZZ']\n",
      "Pauli matrix coeffitients [(88.63475603119758+0j), (0.7735557843105962+0j), (-12.862388188215753+0j), (0.27280357478516537+0j), (0.17048412723745487+0j), (0.47154471274396104+0j), (-0.654291506626803-0j), (-12.432120848495007+0j), (0.14822960888207953+0j), (-13.003297802045314+0j), (-0.012284666585095083+0j), (0.22231737057607262+0j), (0.5684244119754152+0j), (0.7384143995091521+0j), (0.9041774615992992+0j), (0.9041774615992992+0j), (-0.18729496277854024+0j), (-0.18729496277854024+0j), (0.04493363000556805+0j), (0.04493363000556805+0j), (-0.3046745050733968+0j), (0.21846965316125275+0j), (0.21846965316125275+0j), (0.7485347596830767+0j), (0.7485347596830767+0j), (-0.010141418050723383-0j), (-0.5940541200733435-0j), (-0.5940541200733435-0j), (0.062133814605566134+0j), (0.45329795166707465+0j), (0.45329795166707465+0j), (-0.5110143778749544-0j), (-0.5110143778749544-0j), (-0.5490715582119512-0j), (-0.5490715582119512-0j), (-12.558053823268112+0j), (0.11397487152478528+0j), (-12.20218989173148+0j), (-0.07942377225928418+0j), (-0.4561470823979204+0j), (-0.4561470823979204+0j), (0.3350754847301578+0j), (0.3350754847301578+0j), (-0.6313714485336626-0j), (-0.6313714485336626-0j), (-13.003270149728154+0j), (-0.03576026471746105+0j), (-0.03576026471746105+0j), (-12.573435327713762+0j), (-12.573435327713762+0j)]\n",
      "parametersHadamard prepared\n",
      "parametersSpecialHadamard prepared\n",
      "labelVectorCircuit prepared\n",
      "fixedAnsatzCircuit prepared\n",
      "controlledFixedAnsatzCircuit prepared\n",
      "transpiledHadamardCircuits prepared\n",
      "transpiledSpecialHadamardCircuits prepared\n",
      "Time to prepare circuits: 12.323864221572876\n",
      "Time to minimize: 77.091995716094970766266984\n",
      "Output Vector: [array([ 1.1888168111, -0.0260321611, -0.1108325817]), array([ 1.9233588952, -0.2198270062,  1.5349873421]), array([ 0.156152864 , -1.8872704955, -0.1123713757])]\n",
      "Output Vector after ansatz test: Statevector([-0.0112866596+0.j,  0.332552287 +0.j,  0.004459138 +0.j,\n",
      "             -0.6107221882+0.j,  0.0245331007+0.j, -0.4772300318+0.j,\n",
      "             -0.0137616927+0.j,  0.5364143475+0.j],\n",
      "            dims=(2, 2, 2))\n",
      "Estimated norm: (0.03422861687903033+0j)\n",
      "Estimated vector: [ 0.0112866596-0.j -0.332552287 +0.j  0.004459138 -0.j -0.6107221882+0.j\n",
      " -0.0245331007+0.j  0.4772300318-0.j -0.0137616927+0.j -0.5364143475+0.j]\n",
      "Weights: [ 0.0003863267+0.j -0.0113828048+0.j  0.0001526301+0.j -0.0209041758+0.j\n",
      " -0.0008397341+0.j  0.0163349239+0.j -0.0004710437+0.j -0.0183607212+0.j]\n",
      "\n",
      "\n",
      "\n",
      "\n",
      "3 th iteration\n",
      "Dataset: iris\n",
      "Condition number of the matrix:  1522.2620028825347\n",
      "LS-SVM Matrix:\n",
      " [[  0.             1.             1.             1.\n",
      "    1.             1.             1.             1.          ]\n",
      " [  1.           101.0329382876  -1.349955978    0.3330480545\n",
      "    1.0957849667   0.0102042038  -1.309485842    0.6929289423]\n",
      " [  1.            -1.349955978  102.0596990807  -0.6294866577\n",
      "   -1.572968868    0.3410398513   1.6260380425  -0.9333465   ]\n",
      " [  1.             0.3330480545  -0.6294866577 100.3215810431\n",
      "    0.4424853969  -0.2473646621  -0.4853270931   0.2516378595]\n",
      " [  1.             1.0957849667  -1.572968868    0.4424853969\n",
      "  101.2438856792  -0.1628323598  -1.3307323531   0.7329883388]\n",
      " [  1.             0.0102042038   0.3410398513  -0.2473646621\n",
      "   -0.1628323598 100.4308428293  -0.0958856012  -0.0227943758]\n",
      " [  1.            -1.309485842    1.6260380425  -0.4853270931\n",
      "   -1.3307323531  -0.0958856012 101.860964371   -0.8979167332]\n",
      " [  1.             0.6929289423  -0.9333465      0.2516378595\n",
      "    0.7329883388  -0.0227943758  -0.8979167332 100.4844034281]]\n",
      "['III', 'IIX', 'IIZ', 'IXI', 'IXX', 'IXZ', 'IYY', 'IZI', 'IZX', 'IZZ',\n",
      " 'XII', 'XIX', 'XIZ', 'XXI', 'XXX', 'XXZ', 'XYY', 'XZI', 'XZX', 'XZZ',\n",
      " 'YIY', 'YXY', 'YYI', 'YYX', 'YYZ', 'YZY', 'ZII', 'ZIX', 'ZIZ', 'ZXI',\n",
      " 'ZXX', 'ZXZ', 'ZYY', 'ZZI', 'ZZX', 'ZZZ']\n",
      "Pauli matrix coeffitients [(88.42928933988212+0j), (-0.17255893767223113+0j), (-12.138152057155068+0j), (-0.00511966858891838+0j), (0.07178668991456266+0j), (-0.1602465079390411+0j), (-0.7947074794918445-0j), (-12.752372640852812+0j), (0.5911427577750112+0j), (-12.916821802261659+0j), (0.7219700264398268+0j), (0.16927784338968876+0j), (0.5910489948077926+0j), (-0.031851146967133634+0j), (0.11850985153975191+0j), (0.11850985153975191+0j), (-0.2546332870503367+0j), (-0.2546332870503367+0j), (-0.6027328469185453-0j), (-0.6027328469185453-0j), (-0.2168679245533956+0j), (0.8786146399679388+0j), (0.8786146399679388+0j), (-0.09615109669422377+0j), (-0.09615109669422377+0j), (0.1359510934136282+0j), (-0.5520100740882605-0j), (-0.5520100740882605-0j), (-0.8783156181173991-0j), (0.2732527725465578+0j), (0.2732527725465578+0j), (-0.40816881590007126+0j), (-0.40816881590007126+0j), (-0.08805861005600069-0j), (-0.08805861005600069-0j), (-12.575734737029235+0j), (0.35781560880760116+0j), (-12.685553005335846+0j), (0.6716436958480072+0j), (-0.24676467889176162+0j), (-0.24676467889176162+0j), (0.4937224806799523+0j), (0.4937224806799523+0j), (-0.3802705094853544-0j), (-0.3802705094853544-0j), (-12.584712818217769+0j), (0.22360057108961867+0j), (0.22360057108961867+0j), (-12.775942279029723+0j), (-12.775942279029723+0j)]\n",
      "parametersHadamard prepared\n",
      "parametersSpecialHadamard prepared\n",
      "labelVectorCircuit prepared\n",
      "fixedAnsatzCircuit prepared\n",
      "controlledFixedAnsatzCircuit prepared\n",
      "transpiledHadamardCircuits prepared\n",
      "transpiledSpecialHadamardCircuits prepared\n",
      "Time to prepare circuits: 12.248985052108765\n",
      "Time to minimize: 78.45413017272949138997325\n",
      "Output Vector: [array([ 2.9786385172,  1.0297605905, -0.9700972153]), array([-0.9450154339, -1.0769239446, -0.899091374 ]), array([ 0.9322856031,  0.2133382948, -1.597611237 ])]\n",
      "Output Vector after ansatz test: Statevector([ 0.016883625 +0.j,  0.3623123705+0.j,  0.0143600839+0.j,\n",
      "             -0.5824756913+0.j, -0.0559860484+0.j, -0.4591979491+0.j,\n",
      "              0.015559268 +0.j,  0.561000233 +0.j],\n",
      "            dims=(2, 2, 2))\n",
      "Estimated norm: (0.034139822536840926+0j)\n",
      "Estimated vector: [ 0.016883625 -0.j -0.3623123705+0.j -0.0143600839+0.j  0.5824756913-0.j\n",
      " -0.0559860484+0.j  0.4591979491-0.j -0.015559268 +0.j -0.561000233 +0.j]\n",
      "Weights: [ 0.000576404 +0.j -0.01236928  +0.j -0.0004902507+0.j  0.0198856167+0.j\n",
      " -0.0019113538+0.j  0.0156769365+0.j -0.0005311906+0.j -0.0191524484+0.j]\n",
      "\n",
      "\n",
      "\n",
      "\n",
      "4 th iteration\n",
      "Dataset: iris\n",
      "Condition number of the matrix:  1537.0163921868277\n",
      "LS-SVM Matrix:\n",
      " [[  0.             1.             1.             1.\n",
      "    1.             1.             1.             1.          ]\n",
      " [  1.           101.5755565486   1.2021232546  -1.0110746699\n",
      "   -0.5249400626  -0.7016493416  -1.3463781339   1.5902287905]\n",
      " [  1.             1.2021232546 102.8540199265  -0.6634035824\n",
      "   -0.7607353056  -0.1966373452  -1.6188446718   1.5523771461]\n",
      " [  1.            -1.0110746699  -0.6634035824 100.6608114686\n",
      "    0.3395010746   0.4677488642   0.8018083618  -1.0212669039]\n",
      " [  1.            -0.5249400626  -0.7607353056   0.3395010746\n",
      "  100.3359589181   0.1772361692   0.4328912066  -0.6740876841]\n",
      " [  1.            -0.7016493416  -0.1966373452   0.4677488642\n",
      "    0.1772361692 100.3911653562   0.4800041052  -0.6540044545]\n",
      " [  1.            -1.3463781339  -1.6188446718   0.8018083618\n",
      "    0.4328912066   0.4800041052 101.502197334   -1.3541391806]\n",
      " [  1.             1.5902287905   1.5523771461  -1.0212669039\n",
      "   -0.6740876841  -0.6540044545  -1.3541391806 101.7344974128]]\n",
      "['III', 'IIX', 'IIZ', 'IXI', 'IXX', 'IXZ', 'IYY', 'IZI', 'IZX', 'IZZ',\n",
      " 'XII', 'XIX', 'XIZ', 'XXI', 'XXX', 'XXZ', 'XYY', 'XZI', 'XZX', 'XZZ',\n",
      " 'YIY', 'YXY', 'YYI', 'YYX', 'YYZ', 'YZY', 'ZII', 'ZIX', 'ZIZ', 'ZXI',\n",
      " 'ZXX', 'ZXZ', 'ZYY', 'ZZI', 'ZZX', 'ZZZ']\n",
      "Pauli matrix coeffitients [(88.63177587059913+0j), (-0.21007664845492813+0j), (-12.458731825944014+0j), (-0.058046979458151904+0j), (0.5020099189249578+0j), (0.7744925827508058+0j), (0.33905376098112866+0j), (-13.056105664879187+0j), (0.7986947330481875+0j), (-12.948958920737265+0j), (-0.5854402293224948+0j), (0.7073113613230199+0j), (0.27601789343207017+0j), (0.5743105872798011+0j), (-0.05087860111859449+0j), (-0.05087860111859449+0j), (-0.454678240075755+0j), (-0.454678240075755+0j), (-0.7206291384269456-0j), (-0.7206291384269456-0j), (0.7346155585346911+0j), (-0.46978139263940755+0j), (-0.46978139263940755+0j), (0.5748067773557336+0j), (0.5748067773557336+0j), (-0.5688772117420494-0j), (-0.4525599285007503-0j), (-0.4525599285007503-0j), (-0.7208038079734431-0j), (0.12231046580910138+0j), (0.12231046580910138+0j), (-0.1595638448225109+0j), (-0.1595638448225109+0j), (-0.19359281957433827-0j), (-0.19359281957433827-0j), (-12.359178884668447+0j), (0.3783748572497616+0j), (-12.386855196729334+0j), (0.05250964450757381+0j), (0.5990517083922955+0j), (0.5990517083922955+0j), (0.23104475219977225+0j), (0.23104475219977225+0j), (-0.23799213366387545-0j), (-0.23799213366387545-0j), (-12.428713046751147+0j), (0.03300705815697899+0j), (0.03300705815697899+0j), (-12.993232330889734+0j), (-12.993232330889734+0j)]\n",
      "parametersHadamard prepared\n",
      "parametersSpecialHadamard prepared\n",
      "labelVectorCircuit prepared\n",
      "fixedAnsatzCircuit prepared\n",
      "controlledFixedAnsatzCircuit prepared\n",
      "transpiledHadamardCircuits prepared\n",
      "transpiledSpecialHadamardCircuits prepared\n",
      "Time to prepare circuits: 12.195964813232422\n",
      "Time to minimize: 80.17197608947754623936e-06\n",
      "Output Vector: [array([1.9024527491, 1.7109569409, 1.6180602153]), array([ 1.5622564082, -0.2609934801,  1.5358983717]), array([-1.596988451 , -0.0898327083, -0.4102510231])]\n",
      "Output Vector after ansatz test: Statevector([ 0.0076376706+0.j,  0.324419197 +0.j, -0.0078418007+0.j,\n",
      "             -0.6006897356+0.j,  0.0147647745+0.j, -0.4934977422+0.j,\n",
      "              0.0328749491+0.j,  0.5375550352+0.j],\n",
      "            dims=(2, 2, 2))\n",
      "Estimated norm: (0.07486737613382245+0j)\n",
      "Estimated vector: [ 0.0076376706-0.j -0.324419197 +0.j -0.0078418007+0.j  0.6006897356-0.j\n",
      " -0.0147647745+0.j -0.4934977422+0.j  0.0328749491-0.j  0.5375550352-0.j]\n",
      "Weights: [ 0.0005718124+0.j -0.024288414 +0.j -0.000587095 +0.j  0.0449720644+0.j\n",
      " -0.0011053999+0.j -0.0369468811+0.j  0.0024612612+0.j  0.040245335 +0.j]\n",
      "\n",
      "\n",
      "\n",
      "\n",
      "5 th iteration\n",
      "Dataset: iris\n",
      "Condition number of the matrix:  1543.058410455781\n",
      "LS-SVM Matrix:\n",
      " [[  0.             1.             1.             1.\n",
      "    1.             1.             1.             1.          ]\n",
      " [  1.           101.8664418572  -0.7076632495   1.9539867659\n",
      "   -0.6242439114   0.0114080493   1.7175436053   0.2111892248]\n",
      " [  1.            -0.7076632495 100.3708307621  -0.6844960385\n",
      "    0.3625494749   0.0954059249  -0.6788693738   0.0337156557]\n",
      " [  1.             1.9539867659  -0.6844960385 102.0827377279\n",
      "   -0.5977907849   0.0568021819   1.7889346842   0.2803534886]\n",
      " [  1.            -0.6242439114   0.3625494749  -0.5977907849\n",
      "  100.569785582    0.1724001724  -0.5863237735   0.0586397587]\n",
      " [  1.             0.0114080493   0.0954059249   0.0568021819\n",
      "    0.1724001724 100.1190645603  -0.0198835123   0.114173813 ]\n",
      " [  1.             1.7175436053  -0.6788693738   1.7889346842\n",
      "   -0.5863237735  -0.0198835123 101.6010195116   0.1568492628]\n",
      " [  1.             0.2111892248   0.0337156557   0.2803534886\n",
      "    0.0586397587   0.114173813    0.1568492628 100.1537369087]]\n",
      "['III', 'IIX', 'IIZ', 'IXI', 'IXX', 'IXZ', 'IYY', 'IZI', 'IZX', 'IZZ',\n",
      " 'XII', 'XIX', 'XIZ', 'XXI', 'XXX', 'XXZ', 'XYY', 'XZI', 'XZX', 'XZZ',\n",
      " 'YIY', 'YXY', 'YYI', 'YYX', 'YYZ', 'YZY', 'ZII', 'ZIX', 'ZIZ', 'ZXI',\n",
      " 'ZXX', 'ZXZ', 'ZYY', 'ZZI', 'ZZX', 'ZZZ']\n",
      "Pauli matrix coeffitients [(88.34545211372318+0j), (0.16118834918658964+0j), (-12.710043149806182+0j), (0.6204592013611814+0j), (0.08277324922595683+0j), (-0.41362108811147635+0j), (-0.44654663011905904-0j), (-12.70662911382248+0j), (0.42501173699554196+0j), (-12.643887059070224+0j), (0.15322304104113693+0j), (0.5496016071371574+0j), (0.007342272069541508+0j), (0.4076352203850887+0j), (0.5537896863396004+0j), (0.5537896863396004+0j), (0.273639517078603+0j), (0.273639517078603+0j), (0.35268507878749183+0j), (0.35268507878749183+0j), (0.35248098362894154+0j), (-0.3617235628331576+0j), (-0.3617235628331576+0j), (0.48695370326038+0j), (0.48695370326038+0j), (0.03274377928153199+0j), (0.006086723873159838+0j), (0.006086723873159838+0j), (-0.19795939199038176-0j), (-0.8049821163210513-0j), (-0.8049821163210513-0j), (-0.12076587054592654+0j), (-0.12076587054592654+0j), (-0.8448657349775321-0j), (-0.8448657349775321-0j), (-12.265449526929254+0j), (-0.0034363684161994312+0j), (-13.184544055959867+0j), (0.856534181588943+0j), (0.06339512601033473+0j), (0.06339512601033473+0j), (-0.06337229483864804+0j), (-0.06337229483864804+0j), (-0.4072849946446494-0j), (-0.4072849946446494-0j), (-12.44015254436784+0j), (0.41723628223406783+0j), (0.41723628223406783+0j), (-12.39474666376733+0j), (-12.39474666376733+0j)]\n",
      "parametersHadamard prepared\n",
      "parametersSpecialHadamard prepared\n",
      "labelVectorCircuit prepared\n",
      "fixedAnsatzCircuit prepared\n",
      "controlledFixedAnsatzCircuit prepared\n",
      "transpiledHadamardCircuits prepared\n",
      "transpiledSpecialHadamardCircuits prepared\n",
      "Time to prepare circuits: 10.912512063980103\n",
      "Time to minimize: 79.0272231101989735481e-066\n",
      "Output Vector: [array([1.4893896056, 1.5225980327, 1.5700945433]), array([ 1.6064414303, -0.232895597 ,  1.5488787712]), array([-1.5698441038, -0.3746487463, -0.0045576958])]\n",
      "Output Vector after ansatz test: Statevector([ 0.0014449643+0.j,  0.327263375 +0.j,  0.0145528288+0.j,\n",
      "             -0.5914694504+0.j, -0.0030477167+0.j, -0.4957880625+0.j,\n",
      "              0.0139745601+0.j,  0.5448287071+0.j],\n",
      "            dims=(2, 2, 2))\n",
      "Estimated norm: (0.05135308577085737+0j)\n",
      "Estimated vector: [ 0.0014449643-0.j  0.327263375 -0.j  0.0145528288-0.j -0.5914694504+0.j\n",
      "  0.0030477167-0.j -0.4957880625+0.j -0.0139745601+0.j -0.5448287071+0.j]\n",
      "Weights: [ 0.0000742034+0.j  0.0168059842+0.j  0.0007473327+0.j -0.0303737814+0.j\n",
      "  0.0001565097+0.j -0.0254602469+0.j -0.0007176368+0.j -0.0279786353+0.j]\n",
      "\n",
      "\n",
      "\n",
      "\n",
      "6 th iteration\n",
      "Dataset: iris\n",
      "Condition number of the matrix:  1589.2119186532993\n",
      "LS-SVM Matrix:\n",
      " [[  0.             1.             1.             1.\n",
      "    1.             1.             1.             1.          ]\n",
      " [  1.           101.6040491859  -0.1727703477  -0.7616399076\n",
      "    1.6558367115  -0.2100806938   1.7218314324   1.5169028252]\n",
      " [  1.            -0.1727703477 100.1952539536   0.2486061902\n",
      "    0.0210853629   0.2932834683  -0.1210371292  -0.1113363196]\n",
      " [  1.            -0.7616399076   0.2486061902 100.6033567142\n",
      "   -0.6779242076   0.2380887782  -0.8068795419  -0.7602913169]\n",
      " [  1.             1.6558367115   0.0210853629  -0.6779242076\n",
      "  102.1411332152   0.3424050667   1.9841008597   1.7954757041]\n",
      " [  1.            -0.2100806938   0.2932834683   0.2380887782\n",
      "    0.3424050667 100.760318138    0.0370465685   0.0989553963]\n",
      " [  1.             1.7218314324  -0.1210371292  -0.8068795419\n",
      "    1.9841008597   0.0370465685 101.9586188338   1.7572871337]\n",
      " [  1.             1.5169028252  -0.1113363196  -0.7602913169\n",
      "    1.7954757041   0.0989553963   1.7572871337 101.6010195116]]\n",
      "['III', 'IIX', 'IIZ', 'IXI', 'IXX', 'IXZ', 'IYY', 'IZI', 'IZX', 'IZZ',\n",
      " 'XII', 'XIX', 'XIZ', 'XXI', 'XXX', 'XXZ', 'XYY', 'XZI', 'XZX', 'XZZ',\n",
      " 'YIY', 'YXY', 'YYI', 'YYX', 'YYZ', 'YZY', 'ZII', 'ZIX', 'ZIZ', 'ZXI',\n",
      " 'ZXX', 'ZXZ', 'ZYY', 'ZZI', 'ZZX', 'ZZZ']\n",
      "Pauli matrix coeffitients [(88.60796869403038+0j), (0.8370745976393899+0j), (-12.534217193379583+0j), (0.5803540870900588+0j), (0.6649379812279004+0j), (0.9116963427566223+0j), (-0.7327998708154673-0j), (-12.48159355925997+0j), (-0.16587206431031237+0j), (-12.521591333774886+0j), (-0.022852284979128085+0j), (0.43440521251165953+0j), (0.46233372035494247+0j), (0.6940192415795092+0j), (0.5842976732597771+0j), (0.5842976732597771+0j), (-0.18347656014484265+0j), (-0.18347656014484265+0j), (0.4232597770613666+0j), (0.4232597770613666+0j), (0.4178119380871823+0j), (0.8935131432183883+0j), (0.8935131432183883+0j), (0.1427066265370033+0j), (0.1427066265370033+0j), (-0.009926627707377844-0j), (-0.06234406088076011-0j), (-0.06234406088076011-0j), (-0.5644321710271987-0j), (-0.7766180429208294-0j), (-0.7766180429208294-0j), (0.07497485246186525+0j), (0.07497485246186525+0j), (0.33784498343742564+0j), (0.33784498343742564+0j), (-13.007303730613453+0j), (-0.21277150253049182+0j), (-12.968820793256869+0j), (-0.46117404091345965+0j), (-0.25132315506399827+0j), (-0.25132315506399827+0j), (-0.030876388933221366+0j), (-0.030876388933221366+0j), (0.14641469697936937+0j), (0.14641469697936937+0j), (-12.3170468112168+0j), (0.5415689692014143+0j), (0.5415689692014143+0j), (-12.777395272528823+0j), (-12.777395272528823+0j)]\n",
      "parametersHadamard prepared\n",
      "parametersSpecialHadamard prepared\n",
      "labelVectorCircuit prepared\n",
      "fixedAnsatzCircuit prepared\n",
      "controlledFixedAnsatzCircuit prepared\n",
      "transpiledHadamardCircuits prepared\n",
      "transpiledSpecialHadamardCircuits prepared\n",
      "Time to prepare circuits: 11.96629524230957\n",
      "Time to minimize: 79.0963051319122345003e-066\n",
      "Output Vector: [array([1.9379579801, 0.0263972532, 0.3040132987]), array([ 1.1546729672, -0.231319927 ,  1.8121673073]), array([-0.2807173146, -1.9181857196,  0.0432374216])]\n",
      "Output Vector after ansatz test: Statevector([ 0.0047561004+0.j,  0.3207766675+0.j,  0.0056649725+0.j,\n",
      "             -0.5967105177+0.j, -0.0068787277+0.j, -0.4925252346+0.j,\n",
      "             -0.0067822899+0.j,  0.5461773999+0.j],\n",
      "            dims=(2, 2, 2))\n",
      "Estimated norm: (0.03476115850443034+0j)\n",
      "Estimated vector: [ 0.0047561004-0.j -0.3207766675+0.j  0.0056649725-0.j -0.5967105177+0.j\n",
      " -0.0068787277+0.j  0.4925252346-0.j -0.0067822899+0.j -0.5461773999+0.j]\n",
      "Weights: [ 0.0001653276+0.j -0.0111505686+0.j  0.000196921 +0.j -0.0207423489+0.j\n",
      " -0.0002391125+0.j  0.0171207477+0.j -0.0002357603+0.j -0.0189857592+0.j]\n",
      "\n",
      "\n",
      "\n",
      "\n",
      "7 th iteration\n",
      "Dataset: iris\n",
      "Condition number of the matrix:  1516.8317358660827\n",
      "LS-SVM Matrix:\n",
      " [[  0.             1.             1.             1.\n",
      "    1.             1.             1.             1.          ]\n",
      " [  1.           100.2086206071   0.0998741847   0.1524738794\n",
      "    0.2682478694   0.1940407982   0.2195203858  -0.0366832647]\n",
      " [  1.             0.0998741847 100.3032023932   0.0062180585\n",
      "    0.1752064115  -0.5840803338  -0.5497404783   0.3205669401]\n",
      " [  1.             0.1524738794   0.0062180585 100.1537369087\n",
      "    0.199494345    0.2803534886   0.3105624537  -0.0878013715]\n",
      " [  1.             0.2682478694   0.1752064115   0.199494345\n",
      "  100.3913247311   0.1378920755   0.2141313426   0.0315382713]\n",
      " [  1.             0.1940407982  -0.5840803338   0.2803534886\n",
      "    0.1378920755 102.0827377279   2.0581891201  -0.9735980774]\n",
      " [  1.             0.2195203858  -0.5497404783   0.3105624537\n",
      "    0.2141313426   2.0581891201 102.0798038115  -0.9301319597]\n",
      " [  1.            -0.0366832647   0.3205669401  -0.0878013715\n",
      "    0.0315382713  -0.9735980774  -0.9301319597 100.4844034281]]\n",
      "['III', 'IIX', 'IIZ', 'IXI', 'IXX', 'IXZ', 'IYY', 'IZI', 'IZX', 'IZZ',\n",
      " 'XII', 'XIX', 'XIZ', 'XXI', 'XXX', 'XXZ', 'XYY', 'XZI', 'XZX', 'XZZ',\n",
      " 'YIY', 'YXY', 'YYI', 'YYX', 'YYZ', 'YZY', 'ZII', 'ZIX', 'ZIZ', 'ZXI',\n",
      " 'ZXX', 'ZXZ', 'ZYY', 'ZZI', 'ZZX', 'ZZZ']\n",
      "Pauli matrix coeffitients [(88.21297870095509+0j), (0.05349454357162878+0j), (-12.519395966995432+0j), (0.09825178615127633+0j), (0.7974003940261242+0j), (0.5088138851649695+0j), (0.28163125840098446+0j), (-12.54230793443065+0j), (0.5154514941782729+0j), (-12.9556124339891+0j), (0.13912473710903292+0j), (0.47484431579190023+0j), (0.08600502374441851+0j), (0.35471915885530275+0j), (0.20873359923890195+0j), (0.20873359923890195+0j), (0.23288404690719638+0j), (0.23288404690719638+0j), (-0.39101357324239866-0j), (-0.39101357324239866-0j), (0.45789566198871473+0j), (0.15927961890119555+0j), (0.15927961890119555+0j), (0.3169745771578338+0j), (0.3169745771578338+0j), (-0.18543915426246887-0j), (0.0007737661414167485+0j), (0.0007737661414167485+0j), (-0.12693920879128667+0j), (-0.40102659366011606-0j), (-0.40102659366011606-0j), (-0.2854575854462142-0j), (-0.2854575854462142-0j), (-0.18043691104443527-0j), (-0.18043691104443527-0j), (-13.046588723706472+0j), (0.4496144856912835+0j), (-12.495392813633801+0j), (0.47798515353187143+0j), (-0.24746330166228656+0j), (-0.24746330166228656+0j), (-0.08505082484811724+0j), (-0.08505082484811724+0j), (-0.7316941660371469-0j), (-0.7316941660371469-0j), (-12.51977173926536+0j), (-0.01856052344118511+0j), (-0.01856052344118511+0j), (-12.133909088934283+0j), (-12.133909088934283+0j)]\n",
      "parametersHadamard prepared\n",
      "parametersSpecialHadamard prepared\n",
      "labelVectorCircuit prepared\n",
      "fixedAnsatzCircuit prepared\n",
      "controlledFixedAnsatzCircuit prepared\n",
      "transpiledHadamardCircuits prepared\n",
      "transpiledSpecialHadamardCircuits prepared\n",
      "Time to prepare circuits: 10.734219074249268\n",
      "Time to minimize: 77.60964608192444102032e-05\n",
      "Output Vector: [array([1.4567244726, 1.7603509637, 1.5968518177]), array([ 1.5848865897, -0.2458748063,  1.5441348557]), array([-1.5850999973, -0.1543479123,  0.0517994395])]\n",
      "Output Vector after ansatz test: Statevector([ 0.000120393 +0.j,  0.3263385602+0.j, -0.000486792 +0.j,\n",
      "             -0.6010749023+0.j,  0.0034329917+0.j, -0.4930153652+0.j,\n",
      "              0.0218631549+0.j,  0.5372689468+0.j],\n",
      "            dims=(2, 2, 2))\n",
      "Estimated norm: (0.07048658500647127+0j)\n",
      "Estimated vector: [ 0.000120393 -0.j -0.3263385602+0.j  0.000486792 -0.j -0.6010749023+0.j\n",
      " -0.0034329917+0.j  0.4930153652-0.j -0.0218631549+0.j  0.5372689468-0.j]\n",
      "Weights: [ 0.0000084861+0.j -0.0230024907+0.j  0.0000343123+0.j -0.0423677172+0.j\n",
      " -0.0002419799+0.j  0.0347509694+0.j -0.0015410591+0.j  0.0378702533+0.j]\n",
      "\n",
      "\n",
      "\n",
      "\n",
      "8 th iteration\n",
      "Dataset: iris\n",
      "Condition number of the matrix:  1533.7479984752142\n",
      "LS-SVM Matrix:\n",
      " [[  0.             1.             1.             1.\n",
      "    1.             1.             1.             1.          ]\n",
      " [  1.           101.431256672   -0.6208254422   1.4999510127\n",
      "    1.7827119708  -0.4499687013  -1.1473920595  -0.3249902025]\n",
      " [  1.            -0.6208254422 100.3657023932  -0.6638406996\n",
      "   -0.7351202826   0.1862034998   0.5675778299   0.0911014733]\n",
      " [  1.             1.4999510127  -0.6638406996 101.6010195116\n",
      "    1.890774788   -0.462808243   -1.2344719216  -0.3285372356]\n",
      " [  1.             1.7827119708  -0.7351202826   1.890774788\n",
      "  102.3027546363  -0.6163884367  -1.4557039803  -0.4559327354]\n",
      " [  1.            -0.4499687013   0.1862034998  -0.462808243\n",
      "   -0.6163884367 100.2368208724   0.3963885963   0.1647838708]\n",
      " [  1.            -1.1473920595   0.5675778299  -1.2344719216\n",
      "   -1.4557039803   0.3963885963 101.0142300265   0.2496721621]\n",
      " [  1.            -0.3249902025   0.0911014733  -0.3285372356\n",
      "   -0.4559327354   0.1647838708   0.2496721621 100.1351518916]]\n",
      "['III', 'IIX', 'IIZ', 'IXI', 'IXX', 'IXZ', 'IYY', 'IZI', 'IZX', 'IZZ',\n",
      " 'XII', 'XIX', 'XIZ', 'XXI', 'XXX', 'XXZ', 'XYY', 'XZI', 'XZX', 'XZZ',\n",
      " 'YIY', 'YXY', 'YYI', 'YYX', 'YYZ', 'YZY', 'ZII', 'ZIX', 'ZIZ', 'ZXI',\n",
      " 'ZXX', 'ZXZ', 'ZYY', 'ZZI', 'ZZX', 'ZZZ']\n",
      "Pauli matrix coeffitients [(88.3858670004451+0j), (-0.007639243547866437+0j), (-12.465195236442277+0j), (0.30225772580250443+0j), (0.07990760468646385+0j), (-0.5301097159713576+0j), (-0.19212602762438785-0j), (-12.39315895527218+0j), (0.19944502519852048+0j), (-12.3761354905909+0j), (0.19726797323034057+0j), (0.40983538060228186+0j), (0.5865209417259831+0j), (-0.1307296820304934+0j), (0.4823965570593096+0j), (0.4823965570593096+0j), (0.2631695407343567+0j), (0.2631695407343567+0j), (-0.9629908369419884-0j), (-0.9629908369419884-0j), (0.07774767609704891+0j), (0.9815206047999545+0j), (0.9815206047999545+0j), (0.13846340894662734+0j), (0.13846340894662734+0j), (-0.13571535602441476-0j), (-0.11070519282808616-0j), (-0.11070519282808616-0j), (-0.4682345807576225-0j), (0.5560925868293842+0j), (0.5560925868293842+0j), (-0.3993255605385142+0j), (-0.3993255605385142+0j), (0.5270713414266511+0j), (0.5270713414266511+0j), (-12.536372356238985+0j), (0.17571889374771685+0j), (-13.201448211144449+0j), (0.9477177805618507+0j), (0.10967967422799607+0j), (0.10967967422799607+0j), (0.2801342096070024+0j), (0.2801342096070024+0j), (-0.6182866934611523-0j), (-0.6182866934611523-0j), (-12.740707352922922+0j), (0.6324753246016291+0j), (0.6324753246016291+0j), (-12.672849397833389+0j), (-12.672849397833389+0j)]\n",
      "parametersHadamard prepared\n",
      "parametersSpecialHadamard prepared\n",
      "labelVectorCircuit prepared\n",
      "fixedAnsatzCircuit prepared\n",
      "controlledFixedAnsatzCircuit prepared\n",
      "transpiledHadamardCircuits prepared\n",
      "transpiledSpecialHadamardCircuits prepared\n",
      "Time to prepare circuits: 11.111471176147461\n",
      "Time to minimize: 75.68652319908142143035e-05\n",
